2506
7146
3852
1134
333
1765
9945
740
4687
4121
5516
230
6297
9262
8846
790
7608
7939
5767
4357
2825
9560
9886
3003
3195
4656
7792
1499
1787
6565
3917
7195
5998
1148
4577
1591
7425
1935
899
2708
3503
5190
6311
8876
6254
6603
2038
1720
3022
2702
618
4721
4916
9951
7396
6443
9574
7302
9022
4984
9557
2468
4737
6744
8997
4935
3321
7557
8057
8293
1294
4378
8308
2847
4156
2379
5692
7007
3843
2792
3354
377
5212
847
317
8374
3633
6648
783
1326
4213
5813
6788
5411
3475
6741
3963
8496
9921
1118
8321
8688
4696
1657
7860
7732
1029
1431
5660
5181
4377
4435
1963
3175
7226
9504
3434
4034
7670
3108
8321
9914
4532
9287
2020
6232
2429
9017
8281
6014
4092
3060
6616
2630
5560
5297
9199
9728
4021
9583
9187
1805
6439
5540
8854
1502
2047
9698
3848
3564
1897
155
9849
4495
9025
7414
5404
253
4340
7051
7300
6428
6614
544
4782
2016
9934
6868
5221
1708
5576
6261
3953
4975
5185
7200
3153
4938
3258
8487
9264
1568
324
291
5380
8527
9179
7615
3046
1974
2268
8883
4344
5401
3472
1108
5567
5830
4275
6534
9222
9965
5912
2963
8633
765
9234
1027
2708
9338
194
1699
1650
7632
4819
1386
4304
5229
92
6130
5210
8308
8629
486
6797
1281
1480
6350
8187
2393
2777
4011
4079
7117
2751
6878
445
670
6897
7647
1842
9924
9219
5291
6627
1708
1887
5218
5442
7717
6394
5652
4711
8124
2834
4486
9912
9287
9875
6884
1615
8615
2580
6375
151
6539
850
7145
9663
7443
2580
1849
8613
4559
7112
408
904
1003
5490
4280
8775
3989
6555
3620
6704
9016
7751
359
8604
657
3271
147
7509
9759
9482
2427
9503
8475
4182
9576
876
5343
2504
99
5826
4008
7424
671
9586
8926
5186
6788
4261
803
1388
3986
2187
6019
7760
7404
8050
7887
8925
2566
5106
1618
2359
3206
983
192
7726
2886
5804
8412
2015
9483
6912
568
7975
5725
1850
4370
3822
8354
7414
2956
9425
4885
7733
999
4600
3750
717
4725
5232
3282
1392
1035
235
7239
9708
7099
3117
323
5149
6207
1967
5366
6472
707
3566
2496
8135
53
5376
8292
315
2333
6405
9114
404
3931
4623
1594
868
882
3728
4102
3759
2026
1648
3604
9361
9071
7688
3140
8015
7797
7905
8777
2704
6467
1837
4093
893
2442
6691
1371
1700
280
8732
7193
396
2367
4567
5254
9692
9908
2404
3925
4265
1317
7153
6586
4736
4447
8327
8550
3326
7064
7985
6445
6218
8364
5760
8807
535
7095
9571
8817
435
291
6750
1786
8270
1275
6078
2247
7011
4645
4058
3223
7755
9394
8158
8771
1082
6936
4545
565
6814
7992
858
2058
2383
6199
1591
4173
2961
5075
3970
2312
2008
8609
7299
7734
5239
836
7678
413
1411
8664
3827
734
4528
7283
1349
7535
7433
8243
5215
7874
5113
4975
3768
4053
8524
5295
9299
4909
5410
1597
9113
448
9066
7751
6132
1553
8297
2007
621
3767
1492
3652
5523
3354
4259
9890
834
8805
3357
922
5137
5231
7552
2039
7938
6876
2384
8193
3971
9730
2451
8518
3822
5645
1922
3203
484
4109
5024
8978
9493
2164
9386
1357
4053
7462
9432
962
9687
3450
6257
3796
4187
7475
3520
3628
1252
4866
8697
283
7798
1534
6832
7205
6199
6861
3673
1184
173
1833
5452
7853
37
554
4984
6033
2355
2904
9455
417
8164
9180
9360
6294
5671
5600
4357
3947
7963
9613
5913
8359
8000
7845
6452
6092
3931
5445
8005
4454
5346
7818
1534
8404
3458
1887
4342
1851
1394
3869
9322
8612
697
6914
4824
6720
7291
9427
5776
1237
7670
839
7882
8908
3474
1984
78
7858
6451
5020
7794
9317
1166
8046
9692
6560
9031
6618
2159
6510
9231
4405
2894
554
6208
7586
2884
4230
5502
5485
5344
5486
6108
4965
7556
560
3575
5499
9652
4600
1445
3723
9461
2684
4064
2623
4750
8874
1902
9168
3076
7042
6090
1301
2812
5827
41
4239
1634
5050
4577
5165
1523
3932
5478
4391
864
378
7591
2122
8175
529
4031
6913
3400
7514
8068
2385
3870
4671
5868
5425
2772
9364
9938
6504
8070
6484
5995
8863
9910
7393
2119
3075
6551
31
3737
4447
2978
9359
1723
9170
2664
4272
3432
6059
4263
3676
5979
845
7417
3537
1587
43
8439
6195
6646
7852
4831
2012
144
6038
3215
3951
8481
2472
5460
9586
9514
6700
857
4325
9308
2007
836
266
2358
740
8830
8012
4632
1182
1552
7737
7940
2058
849
7003
4514
71
2181
8063
4172
8736
4388
2776
8011
4634
5492
1350
7057
3820
7383
9953
4775
9509
7679
197
2086
121
6260
5391
1981
6494
7819
6840
4201
6116
8266
152
5339
5934
3773
5102
8166
9129
2491
3984
2533
7815
8772
3415
4691
9682
3453
849
8174
1973
5751
4849
3341
163
7070
3549
6056
929
4787
3935
9215
6219
4249
1397
9285
5575
160
691
7417
5213
8803
640
71
4703
8495
6617
50
7420
7874
9193
2233
6655
8116
4984
4362
312
9554
797
1958
9782
750
3830
6276
3108
1265
1675
2601
8846
7446
7789
6391
2357
6191
6317
5154
957
3962
9847
4495
9128
2706
5764
3978
6467
6603
6862
7330
5601
6221
7308
9396
1818
7230
5807
7929
97
7344
7927
8964
5496
8086
4578
3242
4057
1954
9576
3183
4668
4035
3573
6277
7024
2337
3977
914
265
676
6157
7486
1073
373
3214
8850
7506
8176
9066
5323
6122
481
9805
5149
1426
5989
9899
9207
1932
6476
1060
7270
7721
7241
2178
5269
6765
2533
1310
7844
8740
7963
6623
1661
1703
5549
3429
3985
8098
8286
1128
2485
3051
3569
4826
5239
1496
9333
6323
9132
4034
2230
6518
8354
212
8737
9600
9559
3034
8246
2592
4922
6387
8273
4544
8990
483
5810
8391
5476
4028
6162
7307
5743
1977
8508
8971
5917
4274
6040
5418
9540
8191
6211
3091
216
6220
3515
3873
4914
3788
1209
8818
6420
6742
9082
2003
5337
798
1724
1356
1359
74
5164
7593
1091
5155
6307
3760
1118
3150
9215
4126
1563
2523
3264
8434
1511
7530
9448
9363
2945
9123
4474
169
205
2581
7687
133
7878
5873
6434
552
7902
610
9942
2861
271
5387
9109
6242
8750
3690
2413
8990
1499
6335
6196
9241
7436
2627
3156
9917
8815
1679
3309
4790
2468
9942
8314
8302
9729
9663
5322
3035
8339
1741
8037
9890
4548
5566
7331
3444
7859
5490
7475
3189
1263
6507
5531
4400
4360
2385
3180
5538
8520
5669
9786
5948
4533
1751
8465
3769
6706
2647
5987
7191
921
5893
5205
6033
1329
9051
4146
5148
432
6522
3748
7473
6052
928
6043
1647
4769
8190
486
9844
6357
7023
3831
4623
284
2378
8786
4379
4905
9913
4488
5100
5353
4510
5574
4504
3641
7302
8320
3239
6826
4983
6235
3154
4191
3035
829
7179
1374
8741
3468
2357
6562
183
699
2105
6152
102
7338
4672
3110
6268
9802
893
1579
8925
7046
8527
9814
3092
3624
4100
5676
9689
868
9296
7329
5062
7186
6884
2092
8682
6242
7366
4135
7565
5288
7435
3947
2694
3838
4509
5427
9195
6692
8906
74
7702
5411
9934
9076
5428
7494
897
1283
3195
1411
8901
4742
2715
7638
1391
8339
3590
1459
1999
4921
1581
7823
3363
1
1321
5082
3009
5894
3621
5405
8075
7206
4248
1873
1791
4546
170
1036
6225
4455
3990
2752
8156
6462
3713
5908
9839
2216
7996
5727
2213
7292
1280
4272
7805
6096
6727
7347
2278
6908
539
5249
7221
5171
1842
1310
5646
2565
8537
3161
2081
645
9091
5578
632
6530
7598
2491
567
2643
3731
164
3928
4144
9294
3379
3312
5702
1172
5914
4472
2107
6827
9439
3669
8500
9607
9788
4245
943
5994
1384
1562
5317
4600
6450
9363
5825
3353
5228
6562
7642
9194
9055
6747
8906
4788
7084
8773
6762
1558
5041
9501
3112
2692
9703
9989
8241
5812
3330
1924
4579
2651
9774
1665
3465
7585
851
361
4518
1139
5386
9758
6562
6242
3213
4575
7474
5585
3678
7892
94
4718
9657
2963
1824
2956
6247
1597
6934
4365
3475
2740
2169
335
4645
8096
2513
2948
1846
9414
2663
1667
1462
2841
3379
6713
9702
2891
4613
4338
5739
5421
5412
3564
269
7167
883
7172
8221
5885
8450
8964
5681
7682
3241
4523
2153
9968
1139
7978
2729
4226
7488
2689
96
5188
8847
3518
1273
9694
8241
9887
8003
3437
7419
9455
3497
6128
3545
6454
6827
6321
3097
1373
7191
4108
7485
7318
6954
4413
1626
8392
9752
371
4065
2235
1410
1913
8130
5033
6318
4434
6874
5016
8488
8496
2436
2770
3011
6627
7820
756
2262
7609
9523
4205
7599
7773
342
4334
2984
2589
59
5538
1737
3092
8746
843
8909
2663
523
4740
9888
3611
351
2058
3714
4791
4769
5336
6907
7877
9772
1584
7266
4037
5291
7878
226
2888
9479
2073
9552
4249
4910
6019
3065
3213
1299
2760
7795
5690
1061
2515
8121
3016
7251
5353
3835
7449
4962
9082
6141
431
5930
3470
7871
1969
5046
675
228
4629
1440
39
3755
8429
9295
7020
13
5990
5645
3585
8168
635
6662
4702
9920
1285
8840
8670
4072
5234
4539
9496
8760
2231
1737
1242
9766
8129
9610
3920
5600
3375
5396
2425
4282
5975
405
3609
1048
9278
6633
3949
7725
9063
4672
8962
7012
7245
8835
9159
9045
6747
6882
8476
3495
9862
126
1460
4257
2016
8011
417
9166
3157
9097
9734
3312
913
404
344
7960
8954
5224
9536
8092
9006
6151
7105
7154
1312
7166
7352
8880
5924
9164
1193
9175
3584
5658
1008
3161
3099
1081
2105
135
9877
2804
1970
817
8185
7578
2709
7925
3484
7975
6319
9011
112
4181
6089
8952
8138
3861
5036
4015
7685
6503
7857
8800
582
9113
9568
632
8363
2251
4241
1879
2374
918
5766
149
2863
3674
7867
6203
3235
374
8148
3812
7490
1022
9931
3333
8909
797
6414
9194
9047
1153
6619
9164
1144
8555
3545
4072
4309
7738
4317
3348
4680
7929
1160
1677
6833
2715
3520
2417
9338
9315
2247
186
2849
8789
6087
6260
5101
2423
9686
229
2698
102
271
2219
7729
2314
9491
3350
7640
6343
3294
9516
3349
2866
3655
2311
6415
9200
7070
3546
3484
8369
4874
6799
3367
7530
1138
3240
5170
4632
4858
400
6180
7414
9798
3354
3328
1725
4389
3292
715
2355
6399
2201
8416
4435
1286
8501
3774
7183
9148
1299
3723
1046
5215
5546
1912
6696
1689
4746
632
8807
3763
3846
5734
3600
8601
8264
5624
6210
9159
197
3885
6265
3104
5951
4021
5132
2511
3863
5263
9461
3208
7807
3040
1792
5309
6601
1294
1779
305
5426
8506
3984
4400
5628
4055
4
3119
5959
5315
9342
8665
2261
1957
4497
2025
2534
2537
1475
8437
5600
2369
1418
5108
2854
9355
5585
6633
8303
9592
7696
8937
356
309
8566
5093
9508
5164
7871
6662
2540
2066
4018
1848
2401
6150
6727
2134
2699
5292
4565
5029
2181
7172
4095
2728
4811
1166
7725
3724
1804
4897
2597
8723
470
8145
27
4305
78
3274
2947
7602
6731
7588
4099
928
4718
576
1668
4752
6366
9525
8354
8743
7523
5308
8992
5365
590
3580
3714
4686
5611
4867
558
5596
1675
9384
5739
6677
1238
8357
8342
8655
6077
4783
3179
4463
4691
7638
5141
6056
6032
3200
2002
1098
2734
5171
1372
2121
8348
8557
7321
924
4142
8778
65
3749
3129
6847
2411
8930
2690
2766
6469
5410
8860
350
3015
531
8586
1529
530
7401
227
7009
1261
6880
9042
7534
5019
5428
5609
4187
7059
1551
6243
7949
3598
8239
3251
5120
2400
8834
8778
8101
1566
7655
886
3146
8348
5733
7885
8309
6364
4754
3275
6186
123
585
1946
1710
2356
8347
5769
3139
8622
7812
1149
4919
4201
5412
2272
8952
1640
5592
5396
4333
4201
8076
5763
489
762
4886
7351
8797
5958
7360
3816
1763
4971
1755
462
8506
8270
3658
896
5309
108
801
2678
7442
1485
6315
8233
393
8884
9162
5804
6137
7919
8289
7948
5917
1723
6435
585
4264
8890
1058
7188
6382
2338
8634
6426
8856
7312
4327
8151
4036
5161
6803
8659
3346
1913
8558
4540
695
200
6970
1179
2369
7304
5018
7986
8617
3962
2364
6081
9301
8916
7160
575
9504
638
8261
2272
2885
8007
311
5717
5264
1728
7625
2348
9540
3946
5938
9960
5947
6111
3188
8199
6404
3540
442
2705
5559
1968
5440
3045
841
7252
9443
2657
5920
8599
5548
6580
2471
5062
8238
8561
4228
6710
5224
4680
2252
272
8215
2687
2601
5815
7483
9885
5372
3801
8212
5058
3380
3155
5310
4725
9091
3752
737
3426
895
428
5246
7606
2703
481
8263
4223
3550
622
1026
8099
25
6981
2850
5651
8398
7376
3059
3834
9023
6887
1061
6791
9074
4086
8078
2761
1406
2622
2317
5724
9025
4861
2179
4191
